# This file is a BDD exported by the SLUGS
#
# This BDD is a strategy.
#
# This header contains extra information used by LTLMoP's BDDStrategy.
# Currently, the only metadata is 1) the total number of system goals
# and 2) the mapping between variable numbers and proposition names.
#
# Some special variables are also added:
#       - `_jx_b*` are used as a binary vector (b0 is LSB) to indicate
#         the index of the currently-pursued goal.
#       - `strat_type` is a binary variable used to indicate whether we are
#          moving closer to the current goal (0) or transitioning to the next goal (1)
#
# Num goals: 1
# Variable names:
#	0: K
#	1: K'
#	2: L
#	3: L'
#	4: M
#	5: M'
#	6: N
#	7: N'
#	8: O
#	9: O'
#	10: P
#	11: P'
#	12: Q
#	13: Q'
#	14: R
#	15: R'
#	16: S
#	17: S'
#	18: _jx_b0
#	19: strat_type
#
# For information about the DDDMP format, please see:
#    http://www.cs.uleth.ca/~rice/cudd_docs/dddmp/dddmpAllFile.html#dddmpDump.c
#
# For information about how this file is generated, please see the SLUGS source.
#
.ver DDDMP-2.0
.mode A
.varinfo 0
.nnodes 371
.nvars 20
.nsuppvars 18
.suppvarnames K K' L L' M M' N N' O O' P P' Q Q' R R' S S'
.orderedvarnames K K' L L' M M' N N' O O' P P' Q Q' R R' S S' _jx_b0 strat_type
.ids 0 1 2 3 4 5 6 7 8 9 10 11 12 13 14 15 16 17
.permids 0 1 2 3 4 5 6 7 8 9 10 11 12 13 14 15 16 17
.auxids 0 1 2 3 4 5 6 7 8 9 10 11 12 13 14 15 16 17
.nroots 1
.rootids -371
.nodes
1 T 1 0 0
2 17 17 1 -1
3 16 16 1 2
4 15 15 1 3
5 14 14 1 4
6 13 13 1 5
7 12 12 1 6
8 10 10 1 7
9 8 8 8 1
10 11 11 1 7
11 10 10 1 10
12 8 8 8 11
13 7 7 9 12
14 6 6 1 13
15 11 11 7 1
16 10 10 1 15
17 8 8 16 1
18 7 7 9 17
19 6 6 1 18
20 5 5 14 19
21 4 4 1 20
22 3 3 1 21
23 2 2 1 22
24 9 9 8 16
25 8 8 24 11
26 7 7 9 25
27 6 6 1 26
28 4 4 1 27
29 15 15 1 -1
30 14 14 1 -29
31 16 16 1 -2
32 15 15 31 -1
33 14 14 1 -32
34 12 12 30 33
35 15 15 2 -1
36 14 14 1 -35
37 13 13 30 36
38 12 12 37 33
39 11 11 34 38
40 16 16 1 -1
41 15 15 40 -1
42 14 14 1 -41
43 13 13 42 33
44 12 12 30 43
45 12 12 37 43
46 11 11 44 45
47 10 10 39 46
48 9 9 47 1
49 7 7 1 48
50 14 14 29 32
51 12 12 29 50
52 13 13 29 35
53 12 12 52 50
54 11 11 51 53
55 13 13 41 50
56 12 12 29 55
57 12 12 52 55
58 11 11 56 57
59 10 10 54 58
60 9 9 59 -1
61 12 12 29 -1
62 11 11 61 57
63 10 10 54 62
64 9 9 63 -1
65 8 8 60 64
66 7 7 1 -65
67 6 6 49 66
68 5 5 1 67
69 9 9 11 1
70 8 8 24 69
71 7 7 9 70
72 6 6 1 71
73 14 14 1 29
74 15 15 1 -2
75 14 14 1 74
76 13 13 73 75
77 15 15 1 -31
78 14 14 1 77
79 16 16 2 -1
80 15 15 1 -79
81 14 14 1 80
82 13 13 78 81
83 12 12 76 82
84 15 15 1 -40
85 14 14 1 84
86 13 13 85 81
87 12 12 76 86
88 10 10 83 87
89 9 9 88 1
90 14 14 1 -1
91 15 15 1 2
92 14 14 1 -91
93 13 13 90 92
94 14 14 1 -31
95 15 15 31 79
96 14 14 1 -95
97 13 13 94 96
98 12 12 93 97
99 14 14 1 -2
100 13 13 90 99
101 12 12 100 97
102 11 11 98 101
103 14 14 1 -40
104 13 13 103 96
105 12 12 93 104
106 12 12 100 104
107 11 11 105 106
108 10 10 102 107
109 9 9 108 1
110 7 7 89 109
111 13 13 29 74
112 14 14 29 77
113 14 14 74 80
114 13 13 112 113
115 12 12 111 114
116 16 16 2 -2
117 15 15 1 -116
118 14 14 74 117
119 13 13 84 118
120 12 12 111 119
121 10 10 115 120
122 9 9 121 1
123 14 14 29 1
124 14 14 74 1
125 13 13 123 124
126 12 12 125 1
127 14 14 84 1
128 13 13 127 124
129 12 12 125 128
130 11 11 126 129
131 10 10 115 130
132 9 9 131 1
133 8 8 122 132
134 15 15 40 1
135 14 14 91 134
136 15 15 40 2
137 14 14 91 136
138 13 13 135 137
139 15 15 40 31
140 14 14 91 139
141 15 15 40 79
142 14 14 91 141
143 13 13 140 142
144 12 12 138 143
145 15 15 79 2
146 14 14 2 145
147 13 13 135 146
148 12 12 147 143
149 11 11 144 148
150 14 14 141 40
151 15 15 40 116
152 14 14 91 151
153 13 13 150 152
154 12 12 138 153
155 13 13 150 142
156 12 12 147 155
157 11 11 154 156
158 10 10 149 157
159 9 9 158 -1
160 12 12 138 -1
161 11 11 160 156
162 10 10 149 161
163 9 9 162 -1
164 8 8 159 163
165 7 7 133 -164
166 6 6 110 165
167 5 5 72 166
168 4 4 68 167
169 3 3 28 168
170 2 2 1 169
171 1 1 23 170
172 15 15 1 40
173 14 14 172 1
174 13 13 1 173
175 12 12 1 174
176 11 11 1 175
177 10 10 1 176
178 9 9 1 177
179 8 8 1 178
180 14 14 40 3
181 13 13 1 180
182 12 12 1 181
183 11 11 1 182
184 10 10 1 183
185 9 9 1 184
186 8 8 1 185
187 7 7 179 186
188 6 6 1 187
189 15 15 3 1
190 14 14 139 189
191 13 13 1 190
192 12 12 1 191
193 11 11 1 192
194 10 10 1 193
195 9 9 1 194
196 8 8 1 195
197 7 7 179 196
198 6 6 1 197
199 5 5 188 198
200 5 5 1 19
201 4 4 199 200
202 3 3 1 201
203 2 2 1 202
204 13 13 30 1
205 13 13 33 1
206 12 12 204 205
207 11 11 206 1
208 9 9 206 207
209 8 8 208 206
210 7 7 1 209
211 13 13 29 -1
212 13 13 50 -1
213 12 12 211 212
214 11 11 213 -1
215 9 9 213 214
216 10 10 213 -1
217 12 12 211 -1
218 11 11 217 213
219 10 10 213 218
220 9 9 216 219
221 8 8 215 220
222 7 7 1 -221
223 6 6 210 222
224 5 5 1 223
225 13 13 73 1
226 13 13 78 1
227 12 12 225 226
228 13 13 90 1
229 13 13 94 1
230 12 12 228 229
231 11 11 230 1
232 9 9 230 231
233 11 11 230 206
234 9 9 230 233
235 8 8 232 234
236 7 7 227 235
237 13 13 29 1
238 13 13 112 1
239 12 12 237 238
240 10 10 239 1
241 13 13 123 1
242 12 12 241 1
243 11 11 242 241
244 10 10 239 243
245 9 9 240 244
246 8 8 239 245
247 13 13 135 -1
248 13 13 140 -1
249 12 12 247 248
250 11 11 249 -1
251 9 9 249 250
252 10 10 249 -1
253 12 12 247 -1
254 11 11 253 249
255 10 10 249 254
256 9 9 252 255
257 8 8 251 256
258 7 7 246 -257
259 6 6 236 258
260 5 5 1 259
261 4 4 224 260
262 3 3 1 261
263 14 14 31 1
264 13 13 1 263
265 12 12 1 264
266 11 11 1 265
267 10 10 1 266
268 9 9 1 267
269 8 8 1 268
270 7 7 179 269
271 6 6 1 270
272 11 11 34 1
273 11 11 44 1
274 10 10 272 273
275 9 9 47 274
276 11 11 34 206
277 13 13 42 1
278 12 12 204 277
279 11 11 44 278
280 10 10 276 279
281 9 9 47 280
282 8 8 275 281
283 7 7 1 282
284 11 11 51 -1
285 11 11 56 -1
286 10 10 284 285
287 9 9 59 286
288 10 10 54 -1
289 11 11 51 213
290 14 14 134 189
291 13 13 41 -290
292 12 12 211 291
293 11 11 61 292
294 10 10 289 293
295 9 9 288 294
296 8 8 287 295
297 7 7 1 -296
298 6 6 283 297
299 5 5 271 298
300 13 13 5 1
301 12 12 1 300
302 10 10 301 1
303 14 14 1 3
304 14 14 1 189
305 13 13 303 304
306 12 12 1 305
307 13 13 1 304
308 12 12 1 307
309 10 10 306 308
310 13 13 1 75
311 15 15 3 -79
312 14 14 1 311
313 13 13 303 312
314 12 12 310 313
315 11 11 314 1
316 13 13 1 312
317 12 12 310 316
318 11 11 317 1
319 10 10 315 318
320 9 9 309 319
321 13 13 304 1
322 12 12 1 321
323 11 11 314 322
324 10 10 323 318
325 9 9 309 324
326 8 8 320 325
327 7 7 302 326
328 10 10 301 7
329 12 12 1 82
330 10 10 329 1
331 12 12 1 128
332 11 11 1 331
333 10 10 329 332
334 9 9 330 333
335 8 8 328 334
336 10 10 301 15
337 13 13 1 74
338 13 13 5 113
339 12 12 337 338
340 11 11 339 1
341 13 13 1 118
342 12 12 337 341
343 11 11 342 1
344 10 10 340 343
345 9 9 336 344
346 14 14 1 -139
347 14 14 1 -141
348 13 13 346 347
349 12 12 1 348
350 10 10 349 1
351 14 14 74 -141
352 13 13 346 351
353 12 12 337 352
354 13 13 346 1
355 12 12 1 354
356 11 11 353 355
357 12 12 337 1
358 13 13 150 -1
359 12 12 1 -358
360 11 11 357 359
361 10 10 356 360
362 9 9 350 361
363 8 8 345 362
364 7 7 335 363
365 6 6 327 364
366 5 5 1 365
367 4 4 299 366
368 3 3 1 367
369 2 2 262 368
370 1 1 203 369
371 0 0 171 370
.end
